596
223
36
659
652
332
237
791
710
919
477
509
246
991
603
469
531
80
339
597
961
190
576
68
625
0
530
457
207
227
964
143
385
197
594
204
637
297
391
645
563
397
338
205
345
22
850
273
959
814
936
305
271
146
325
460
589
208
248
941
788
962
748
263
803
586
548
65
729
127
386
137
944
459
694
209
853
169
601
400
25
616
983
12
518
411
849
60
967
957
461
359
270
27
40
8
166
547
362
379
745
249
848
517
747
122
393
566
149
463
357
421
284
825
479
392
776
413
773
494
890
417
554
39
851
378
178
879
274
496
388
81
527
632
523
256
175
196
525
48
642
830
210
54
239
38
651
84
800
260
478
974
449
946
100
67
425
215
429
693
247
600
759
279
302
541
546
493
102
929
418
673
355
781
238
217
767
489
529
819
126
826
264
674
852
138
923
809
201
920
37
342
562
843
737
474
326
42
415
280
136
640
770
708
931
869
410
630
914
976
844
822
855
556
604
515
697
403
123
909
528
376
464
301
789
440
57
856
195
240
471
437
699
568
718
490
933
579
71
896
938
18
158
612
535
21
764
153
835
242
441
588
534
628
337
56
902
503
139
742
894
812
906
504
476
727
183
886
199
824
875
170
743
313
585
618
571
405
124
4
35
681
971
912
864
644
419
428
917
85
882
677
607
636
823
706
887
578
873
927
336
698
532
712
723
685
159
106
816
802
774
512
324
960
810
94
939
542
930
436
969
488
583
726
453
277
655
9
790
364
481
70
452
497
908
177
998
897
363
455
77
202
291
399
186
109
766
793
319
792
827
768
119
3
617
846
374
724
807
818
154
281
975
59
105
569
702
282
34
312
854
406
401
2
414
817
331
858
87
144
570
796
954
690
837
50
619
884
51
638
244
352
442
942
545
813
17
932
866
744
675
322
7
79
730
304
370
62
218
298
182
243
943
990
191
315
487
877
266
620
262
373
467
329
885
713
595
151
161
82
76
762
97
536
361
739
354
622
377
167
188
45
128
593
892
52
564
11
314
947
623
294
73
19
937
692
157
658
427
514
670
501
272
635
660
498
754
163
303
753
986
751
626
711
383
714
904
58
836
44
181
731
165
940
505
631
402
288
290
327
841
61
381
758
516
918
466
606
194
736
89
587
233
384
861
117
101
372
687
746
608
551
367
43
679
316
981
93
276
948
53
404
219
899
133
407
171
334
369
221
347
880
118
510
475
439
172
444
142
343
989
865
187
30
110
952
173
1
408
955
624
213
540
412
145
980
720
486
537
348
98
480
709
95
725
965
292
691
458
935
707
633
132
387
335
426
970
665
72
629
760
129
168
162
380
360
66
895
41
575
572
647
647
647
647
647
